-94.71609566460614
-85.79562836321591
-382.7890192291661
-253.46901679450445
-226.00661650889668
-160.26754866402518
-90.96420471582533
-363.44735488668186
-146.95299978513657
-180.37137247822386
-115.14258795945298
-389.34621330826246
-62.4751548723729
-228.0186447258824
-181.0380437928152
-402.7987775951601
-217.75368967412453
-232.79235760154756
-56.40421264621968
-177.71647336538203
-95.90043461128612
-125.72550884885709
-174.22088916324924
-122.00051900588383
-321.762567073213
-150.0744867347736
-133.71597116493416
-127.89634758115555
-163.1509628661013
-252.06187843968047
-323.6653674315222
-99.18595531196999
-183.88529107539156
-174.3357406459769
-111.11427725283748
-103.36495953110045
-74.74091735748753
-59.568366428717695
-151.35523751536775
-161.92378375669335
-254.02240339602594
-251.81751797556046
-228.4069182817522
-257.73420302699174
-283.6192910377099
-236.28167927280896
-196.305088688364
-142.3849733712178
56.02263717121906
-356.12459318009377
-79.27627714081827
-67.13230579084457
-226.08682701235662
-134.8216432954752
-93.11457139504023
-280.8776851176937
-173.6277160670225
-251.4320381281425
-98.1742410714928
-65.1399138221072
-271.4321082212898
-221.81913513002183
-58.743521884491244
-221.07698915067277
-309.789874126745
-37.04286897284885
-74.03007341900012
-210.66984477249042
-235.48858065079014
-237.0755200722699
-106.68417704708567
-184.07021744448915
-241.34677440145788
-106.22740172300769
-308.68988233256835
-89.84816454997001
-265.1304933661796
-141.213938917453
-96.11611016664342
-44.69089819322677
-95.01265514586264
-99.3940642317206
-68.54651555568329
-150.48417097916638
-188.35750959309323
-305.01820564672585
-128.20928398124514
-96.6177739841218
-150.36047589226044
-158.98225950203744
-394.25908599162983
-108.15545100397367
-236.82720052180466
-116.0482968708045
-409.2229138792253
-184.05782562053636
-186.35512737499613
-131.5976859228255
-290.84085412221077
-123.59739210208014
-169.66094964977788
-235.6141523054701
-171.89944285272622
-107.96707007697313
-399.2133628530967
-119.59984193440144
-178.87754031576168
-227.42081853394103
-116.39912515746921
-119.46034508418319
-108.22297475843281
-261.41853964202994
-88.21195412653499
-126.18624229150888
-210.2092975462499
-144.2897815512626
-140.85445080737912
-42.86912966175599
-321.0533487619397
-211.5166116424279
-61.86002397606298
-32.1587371610578
-51.75648289526006
-131.88073991688339
-139.65417480700648
-189.01452854865016
-155.28230152133978
-72.68021665220192
-170.01263984587456
-49.1357509253388
-231.49223554237534
-200.1561766025892
-179.8300469321475
-84.85819378532125
-162.74061385751872
51.52514257241853
-213.79757470017108
-124.00170199180195
-98.07224859053318
-60.36572661843385
-48.07277038397227
-353.2044418437948
-101.67483655850947
-233.12412075860715
-26.647120629184897
-188.01919878652328
-110.12847772731897
-129.31473834986897
-96.7024847707904
-91.48506088795196
-145.9902511746599
-139.25200421111677
-119.84305158413954
-68.31696303194181
-126.82581233369744
-162.66315874997184
-67.23509148780968
-13.329864732244616
-43.61791539760347
-70.66591614468749
81.51929760404654
-164.02861641835642
-238.19187927012925
-102.48544732725378
-195.26456489321993
-232.66592225130287
-55.47113846963413
-200.4847169055586
-58.59642142119357
-96.56234751861666
-176.38136922420608
-54.88522406505605
-133.01160604418513
-36.40885823482718
-168.12059792214723
71.19018386080299
-162.28932135677715
-117.6082220599582
-157.83536884343798
-79.94933781546105
-70.0473763642218
-200.64830552157537
-65.08773770637438
-72.31286947366318
-68.64568429661718
-191.15672471499317
7.195830574552062
-115.93582477136951
-157.59312853105388
-61.75875371335861
-157.6686051476637
-163.992628095321
-52.87854957345133
-256.632311475268
-137.7282948526534
-201.49317354376888
-77.95347431521063
-29.06353333534544
-113.21785732705635
-152.03872898717538
-134.49706514266632
-283.8127911256662
-86.08549767193401
-143.76749259425907
-133.24133828948817
-112.07402682688941
-39.5889661344556
-114.79166182420497
-73.93815632705284
-76.38996970457048
-103.22172172328516
-52.15414367584229
-80.44079265721089
-55.01050186447053
-20.93072331659822
-73.01722444179116
-109.51828109955444
-68.54449219407944
-143.73038670685983
-243.15740263496215
-62.07175932674804
-109.20651596330178
-35.151162068930624
-40.72363069908613
-102.52893238809497
-83.01217892225407
-52.86260884479237
-64.35464554259701
-61.825953657507895
1.7331858269511144
-52.349106178028244
-75.54256330998541
-43.35788815424366
-83.73369256613721
-47.409970374819075
-68.06581066336771
-33.310895612211056
-36.25142610436883
-13.209949149648669
-64.69527560461695
-36.13795808471088
-68.4562573440901
-53.1434625619508
-41.90537599556228
-61.15471557179508
-29.24054486689913
-7.508513092741842
-81.53295177228179
-24.98420727376431
-16.24475069836807
-95.54743539450766
-27.013147479324132
-54.46902541213056
7.787024573730408
16.237731018277913
-31.95497529489257
-13.657125846855411
-22.890951017504584
-16.315681751689706
-28.593675026978175
6.245507643219903
-57.84814712308111
-31.947211702990952
-54.91056434984529
-22.620680291813777
-25.79765134668789
-5.915766734477452
-15.77099898934275
-19.104050264497168
-12.866668681468996
-62.50373102285795
-30.89464329132142
38.7144451066031
-22.96262202856898
-13.682764937701986
121.45960632949084
-172.809189263144
-26.855073922695816
53.700933942230655
31.05274184580794
35.07345851401072
-27.070414541006986
7.811018912949216
-41.124297138634574
47.836658474531404
-29.835796913187526
-97.94553454618078
-28.486961285938047
-45.771773351459295
-44.38412503561032
-66.66807096526654
-57.160682239408466
-20.808541702711068
140.09387974069378
-13.813963143857409
34.165472750853304
-31.48023078087693
-203.62900913499217
-20.880931068104545
-23.91517919263047
-33.048959676413226
-42.28989723105248
-25.75290332193272
-35.67323979344344
137.9212240658123
-46.11507405693139
35.41685679752426
-44.03516538425275
-28.362963387891302
-22.65568088123847
-8.36808342610619
-21.30164889673316
126.87398258971234
-75.5446303789341
-15.923769697636931
73.84020442023046
10.022165850084852
-49.57397559001202
-13.031946716647933
-27.44864782025142
92.79569269346177
-16.978715966688597
-4.787699713003093
-41.613163911029105
104.21274028383843
269.6934050728814
-24.699052542459455
-64.6279658525283
6.15949313903423
-13.517188910378126
143.58295149993302
-24.795968911688504
10.966008393247193
1.3236318817814738
29.80460928613683
187.8010161003706
6.998704201189579
258.00342239982973
179.46204887989268
-41.33385718040411
20.722614830756953
49.24052289463233
-41.7257581791667
-25.580009806335994
245.71602556415218
124.74394466943077
51.50081712491513
157.76490621344368
-6.3723323556465905
11.24275314736287
-16.689275392449154
-33.649237326050354
-15.236227991544297
48.50036054942083
0.06421043140249272
-14.915119626121507
24.587561851174456
191.78292000662725
64.99357064628279
-47.38991192153294
21.411733175711518
46.989623947973755
-52.381624123430846
31.64675727881823
156.78813066749237
-9.807213053384535
165.33382329088516
122.49676189716821
87.43528597711516
154.51985638601175
221.32567582414862
193.38962606830012
199.26789533029
248.85953600104406
248.27380887582825
121.4960119201967
224.06810178032947
170.3200320121165
220.22990967758514
65.05843310678044
-25.39440014261038
140.2862368350586
299.2640911044664
60.48494895665223
232.44796224833843
174.70089889863647
98.0575805166638
139.9446362457991
181.3022323679437
250.159992099391
35.1066083103189
184.7027360229754
227.39994600948498
38.51364210835024
220.48121130172112
194.92469192379156
285.33710623251915
218.6282069870091
241.67634706013172
244.2484209851232
162.01174122904723
147.55115339003515
-46.39701914185278
20.01294107979861
215.46692572466412
278.8544434362272
178.88911837896458
209.0414453380378
190.44348129656743
11.168069327936237
244.57950671623558
226.41407343523835
183.20600520330163
254.27280557912502
259.48563990447144
8.300229521280372
-175.51762102272068
299.47080548627525
1.4664298775215059
15.5820164266583
297.81638010126676
224.96124107448298
-7.684206623264799
197.04657064327682
-157.2345832228371
296.979780119033
184.8655914310456
-6.533864665857706
17.37631639259523
275.3710112634632
263.30978956028093
159.3451717207887
280.3623640341854
147.09804373358622
271.3155408489606
207.20605541022394
167.1557445281749
290.1533328386387
1.9396725307512241
255.40999470277077
15.872689324546764
168.14254457814806
240.0192642398399
23.997996208888722
1.6820640226919206
237.9382730558221
139.87636477273554
198.86642166973363
208.0503035157235
261.33401730012463
12.096989232607157
87.12050739689923
143.52614194724288
85.61475924883115
-830.6683314449077
14.837455220178583
192.52268309388884
170.56757846343294
201.63228332352213
137.18466778962878
262.36667928521865
190.05612800372018
302.60304105441276
76.636371747561
5.293024040238748
186.141649183128
287.5476589924858
244.81523823074258
165.97508179865414
243.55036885690257
267.8547310983648
224.89322469651958
193.37382236145592
233.47137734192756
188.93050675027825
233.66689762251562
5.770519488626192
282.9652654710586
197.6876829111029
225.84783624262866
209.6547635480821
209.99890789162322
317.0180812388144
199.68425828611885
239.96692471976561
262.0187356074978
263.7390990689825
239.25515046075023
218.78885345168712
258.69032125656446
231.41393904194445
235.69926514798337
-148.6503890996083
250.96083593708536
228.99225531503046
95.45126833703986
220.79871494968566
233.3853318584064
234.6971023852775
107.43627053731211
197.13459667103058
53.130099256290976
233.62736432015694
233.82847150340066
252.7732517079787
193.3680918137987
256.78425620417823
140.26829889920464
0.04551054337687788
245.75642787670938
242.68251989490784
238.9533248678154
205.95311168304715
236.3336463566038
199.93988222788306
298.90572279793355
232.88527847115063
267.0949785093885
227.9706560635147
220.03375759042405
250.55458096705027
252.0409812633552
-21.332862899773318
248.2944257765095
253.63760421108105
161.72758213669277
189.1921511507694
228.28259408555328
-18.77652190407892
266.7534825421978
266.65483400108633
217.88773701173238
199.54153928399217
214.82976979512898
223.15154056841948
92.82117096014137
212.04820061656022
282.7130354981099
67.19996219903369
12.840643858126226
213.81606525163232
255.28062190110305
221.5668826365235
193.08417048038555
198.33801706351952
213.26618416325908
224.2340095890936
131.23573399955038
201.14796931863654
217.9861801461085
172.73475025778095
287.7560277804971
229.38526381870727
187.77502004344018
194.62219728186764
186.6056753490367
179.3172728173373
187.6325554330237
212.64686500934107
239.56254303493253
235.12035728143508
218.83553506967684
228.2445240470624
241.86051305831123
257.9832312642918
217.67817161260302
190.31822852399733
231.09163352217675
229.2382642934918
229.06699068528624
219.28073566237902
246.07184456833582
156.14925029020532
175.23781659550622
205.66737871861756
217.1825875305534
199.61129199476403
231.93937092638868
256.38144550063384
198.77128501891485
252.101456730019
251.073958376411
237.2743359445732
226.5597236345185
199.7264393075782
253.4656304978138
183.5686866786849
225.38670210954024
227.81195545307796
204.57112900383743
199.86411918919057
213.91092906795967
230.75399125317315
215.52448071889074
215.24997213784786
236.02574522529912
223.3102182386183
236.7088632683559
196.81053980710828
271.98097397055267
230.3029406748644
54.77447960669181
196.62055305145194
241.17378524025685
192.78962298190052
194.25868350260208
265.5567188352219
231.47990532135927
237.91431158950058
197.50811112770057
276.9066386185205
290.64873419176945
204.11070946352422
209.88917860302442
240.13702790861655
224.70020578634188
201.07505678081367
175.78821260448825
224.9978306688626
202.71229252868238
250.68751004032492
254.64047788219554
240.45577082754411
205.2265475374229
241.77701188507078
287.1349502899747
274.612054169413
-85.32404467548629
270.20992052751956
269.2136281577019
194.33274571270724
202.09791474190195
208.3693675215934
-11.37752033687373
233.36836817854098
172.830508780692
242.4722364346882
232.93678086875835
212.99075380603105
206.68584264121247
245.1945505584599
217.00416931132895
258.0265819172901
226.56067534690106
264.6560525145768
262.6622930805217
270.50414663907014
224.32807275811723
229.7387278887308
217.14922669691694
-118.85958556661879
236.76706181249912
227.19238394364623
182.03305434696472
204.71425667179753
235.72473857272072
280.1758767659269
26.709076963931494
271.37652064009507
202.3884033858409
269.594702388308
215.00345240422294
2.0667829065021834
241.60444674520383
228.8229535467794
237.92646198104475
235.24838297598131
226.08458735924
196.86548580486112
26.85278549010411
232.7736337234649
230.71727019917873
-208.82927238136878
230.35328022776957
214.62957318511275
-0.5376837723088101
209.18211794189642
197.03273426247213
-211.64320756929365
314.5041813656961
288.6303160340516
261.5363615084523
22.71780729700363
267.84219829936853
186.8322732087015
269.2061543072499
239.14659093735753
258.8282421524841
288.5983119638248
282.33132628300285
275.66418891552814
12.427731965072581
-178.02621443763616
178.68049104758052
200.1044515880893
234.0561346385384
272.14402513235063
206.31332653048122
169.29229646515546
-6.847763096145528
226.23309408584788
202.89950037919436
-32.39271065830531
248.56252248046306
210.26453215533724
176.20255618130187
245.03399640851168
201.58626536497948
220.44919334398213
207.27270314074258
217.13123718308373
190.8003371686233
238.74087396863445
200.10853671526513
217.3655594927342
274.62327107683666
212.98310291545846
234.47251384332688
223.3296984219501
215.100824273939
135.8975793561578
262.1209445181843
207.2333075092613
227.469321614126
212.5098719365277
268.5429335457542
213.52093776854082
201.92481346379876
242.62801905508363
200.12683720013067
227.59543427974327
253.22869826171944
212.33217872047823
230.04122637001896
255.21358322465255
254.92121599197668
207.92077032903944
215.33346406394162
247.08960332241517
47.107220148019394
211.92174910675885
294.49869886448687
209.96421719836462
223.17815920875796
190.76422891897957
205.89920816291104
206.38643678053816
274.5522224362998
276.5696024101916
243.92756257509774
230.4209676037193
242.77956548423563
275.0812107709264
219.70549237298547
214.29346061846235
245.45592831963998
211.00658430814548
251.1391027259563
222.8800262852707
250.7710461960147
229.69926596486573
254.15936613369368
253.36746623849638
236.923065543344
247.5025622433156
223.39635794104225
249.15225302559054
224.95748374502767
234.38140361038216
248.31189659696466
225.10301055333218
214.56934718766934
221.44635763060123
268.27792096896235
258.76879797485896
257.5223833230393
243.68679901313058
186.4286603053822
252.43472613110134
198.2747293811183
257.7242856280466
260.98991859297564
272.9087980784522
258.54047448647987
230.52259692843901
227.56539335185298
252.1575135082842
213.2707002755863
224.74591923273198
245.86332342481927
234.116913042393
217.9425313868358
222.8336223366299
232.2905662755283
235.90271889206952
245.01912102709287
224.77185339216675
222.2104025733428
230.3732519321355
246.24156079021816
222.02974275831627
209.11389099141437
220.19076576997657
206.34693654767216
246.53964946282872
245.25385851083576
238.20627575329033
235.8009047547804
224.5296494473467
219.32290747528253
257.53654183640003
250.61094421920546
249.0125752347938
265.31854707349623
233.70112310950705
246.3203094311813
230.66626299421722
220.36919405745482
244.77811137759917
241.51516300834248
277.2747378273913
213.30309003916187
248.62542809983657
233.81133400616767
235.7811787411812
246.1288630616536
208.90771445845405
239.958134231713
258.395675344796
221.3314162125036
240.26855781069995
246.42024734122458
236.8305615046336
242.81921032134272
268.7211852577911
258.61220621817927
247.8642262520231
212.0213321485468
249.59768166094366
268.35078907550417
290.30563210160767
235.68007438401563
246.9097901722147
268.8457377555171
243.6235472156759
190.9150399289004
275.6579585644757
201.7626200356759
208.76587740498917
223.30246957382667
225.9696623066792
279.6016515387201
217.69452107648272
271.99559831303895
241.1100496004114
209.2035171235362
255.18474476987723
261.5129795515206
230.53003701630578
205.17493545668168
235.87555101204342
259.8877769081123
230.82187146825888
239.75862034907297
253.20523630005346
251.4722452657356
252.60738722245088
227.99184991118835
222.51571183339428
255.9904506704388
278.56414807619734
246.77418584418518
224.02189963582748
221.2898394402402
235.77378020935305
244.103502061137
222.09760232569064
238.87210126849783
245.77027528489796
208.17330266825107
206.22153817063355
223.29452340617962
262.6292905576791
243.4807169374618
273.58996858186066
248.76255463597568
231.9692188927214
219.0296194463
-169.74451306950232
274.3397014131267
255.8203057468792
194.97814973070854
272.7449019980174
201.56050752025146
285.9082714715763
275.55833735899483
241.26622757679985
241.0889306002887
216.2692937140273
243.3666852902482
204.83763013048457
227.371440651954
212.57512564394668
299.18052119713064
238.4642350752234
208.56268377850438
244.78196274652336
214.32093124488586
245.32295082889613
212.04328628807437
211.7132492503451
225.64038369260325
247.4752017583213
283.0910415285558
280.2198359118691
208.37515265671462
231.12570209556628
223.27883243705688
255.85038352045174
279.7966200877858
237.35523892526336
203.66846029860093
253.5256280674148
228.98634871807454
273.462054537782
234.9072018475979
192.94765132658762
273.4031136621137
200.31215267790623
220.1998359594329
241.29585109795207
223.36334748570675
267.50893892022253
257.87144926435747
183.9037930334924
234.29094226133708
272.2416372181425
228.8586749162599
197.36357886951066
216.10079023418234
244.98432705570022
265.13797029828606
223.5945083952807
231.94181332995657
261.5981678201813
250.43119093670575
249.15911384934236
207.94404736009227
207.51249260025122
228.23614339547095
187.59174654348914
221.86882696252843
291.04464964846466
285.68744818441417
195.88913821236193
224.75973855574665
279.3700522918032
234.40080454009436
213.20014842851438
294.6136335854274
205.78241996112342
206.88331554870578
212.18688227334957
230.65622639631096
210.92885404447603
221.52217917750343
227.7129827916864
243.73361323555676
201.48525134140874
221.21443536183372
199.98883453342575
230.24697823842504
276.7855456476449
232.90750248667092
279.6883039851
219.87616437719632
197.50357044378455
235.04828735748364
237.7169848634523
254.74332061133157
270.96822013862663
194.10659170020085
278.9620269035328
189.36762461835403
295.7980099592066
209.86929769636632
227.7859012679289
230.5376705707189
238.87694758589996
217.0393917719291
233.51840808718146
202.70869688938438
201.4785184882644
203.3774814286698
268.40180245285956
285.31840637732193
263.9279499426634
207.31949289781716
263.3624147680088
215.1483876007772
